1 0.635000 0.100601 0.182000 0.189189
1 0.615000 0.299550 0.186000 0.202703
1 0.876000 0.885886 0.212000 0.195195
1 0.880000 0.685435 0.196000 0.181682
1 0.367000 0.894144 0.222000 0.181682
1 0.860000 0.493243 0.196000 0.178679
1 0.632000 0.684685 0.220000 0.174174
1 0.113000 0.102102 0.186000 0.189189
1 0.859000 0.295045 0.182000 0.196697
1 0.108000 0.684685 0.196000 0.186186
1 0.611000 0.493243 0.174000 0.181682
1 0.115000 0.493243 0.190000 0.178679
1 0.376000 0.692943 0.196000 0.187688
1 0.612000 0.891892 0.196000 0.195195
1 0.364000 0.490240 0.184000 0.184685
1 0.117000 0.292793 0.194000 0.192192
1 0.383000 0.099850 0.182000 0.184685
1 0.859000 0.103604 0.182000 0.174174
1 0.119000 0.885135 0.194000 0.202703
1 0.368000 0.295796 0.188000 0.198198
